% ——— 问题 1 ———
param.q1.omega = 1.4005;
param.q1.A33   = 1335.535;
param.q1.B33   = 656.3616;
param.q1.f     = 6250;
param.q1.A55   = 6779.315;   % kg·m^2
param.q1.B55   = 151.4388;
param.q1.L     = 1230;

% ——— 问题 2 ———
param.q2.omega = 2.2143;
param.q2.A33   = 1165.992;
param.q2.B33   = 167.8395;
param.q2.f     = 4890;
param.q2.A55   = 7131.29;
param.q2.B55   = 2992.724;
param.q2.L     = 2560;

% ——— 问题 3 ———
param.q3.omega = 1.7152;
param.q3.A33   = 1028.876;
param.q3.B33   = 683.4558;
param.q3.f     = 3640;
param.q3.A55   = 7001.914;
param.q3.B55   = 654.3383;
param.q3.L     = 1690;

% ——— 问题 4 ———
param.q4.omega = 1.9806;
param.q4.A33   = 1091.099;
param.q4.B33   = 528.5018;
param.q4.f     = 1760;
param.q4.A55   = 7142.493;
param.q4.B55   = 1655.909;
param.q4.L     = 2140;