param.q.B = 1.4005;
param.q.C = 1335.535;
param.q.D = 6779.315;
param.q.E = 656.3616;
param.q.F = 151.4388;   
param.q.G = 6250;
param.q.H = 1230;

param.q.B = 2.2143;	
param.q.C = 1165.992;
param.q.D = 7131.29;
param.q.E = 167.8395;
param.q.F = 2992.724;   
param.q.G = 4890;
param.q.H = 2560;

param.q.B = 1.7152;
param.q.C = 1028.876;
param.q.D = 7001.914;
param.q.E = 683.4558;
param.q.F = 654.3383;   
param.q.G = 3640;
param.q.H = 1690;

param.q.B = 1.9806;
param.q.C = 1091.099;
param.q.D = 7142.493;
param.q.E = 528.5018;
param.q.F = 1655.909;   
param.q.G = 1760;
param.q.H = 2140;