param.q1.B = 1.4005;
param.q1.C = 1335.535;
param.q1.D = 6779.315;
param.q1.E = 656.3616;
param.q1.F = 151.4388;   
param.q1.G = 6250;
param.q1.H = 1230;

param.q2.B = 2.2143;	
param.q2.C = 1165.992;
param.q2.D = 7131.29;
param.q2.E = 167.8395;
param.q2.F = 2992.724;   
param.q2.G = 4890;
param.q2.H = 2560;

param.q3.B = 1.7152;
param.q3.C = 1028.876;
param.q3.D = 7001.914;
param.q3.E = 683.4558;
param.q3.F = 654.3383;   
param.q3.G = 3640;
param.q3.H = 1690;

param.q4.B = 1.9806;
param.q4.C = 1091.099;
param.q4.D = 7142.493;
param.q4.E = 528.5018;
param.q4.F = 1655.909;   
param.q4.G = 1760;
param.q4.H = 2140;